57.86 7.65 80.63 80.78 6.83
4.28 13.03 91.93 146.3 38.37
31.59 12.9 40.18 6.7 20.26
27.64 14.67 71.6 9.31 96.6
69.98 1.94 40.13 0.91 82.28
115.23 62.63 7.5 16.14 18.79
109.33 40.02 13.81 21.72 0.28
79.15 60.4 9.87 66.79 24.82
2.35 20.59 35.18 7.58 43.74
3.39 6.05 12.35 0.26 40.41
31.72 2.18 5.54 43.71 7.89
82.3 55.57 23 36.12 37.42
18.77 9.43 52.42 33.65 4.09
9.77 11.08 48.88 54.97 61.14
4.13 13.22 9.05 55.91 37.7
10.19 53.44 32.02 34.19 22.63
21.45 74.05 14.7 17.3 23.8
15.75 60.85 39.38 30.18 11.61
16.89 13.74 37.71 53.75 64.88
27.1 20.94 18.45 54.5 1.94
125.01 27.51 16.54 83.21 51.6
2.69 22.1 7.37 2.59 25.05
24.78 27.06 18.89 90.29 8.94
89.77 47.02 17.1 33.36 6.44
48.63 106.52 16.5 17.97 70.02
16.71 14.07 124.26 16.72 19.76
1.26 8.14 118.7 7.55 58.63
11.72 9.91 187.68 34.72 5.69
1.51 3.18 104.27 196.41 91.08
92.68 1.46 8.06 10.49 196.6
30.7 102.51 14.05 22.18 7.61
13.35 9 117.07 12.86 20.02
32.14 186.3 35.63 55.95 22.06
100.7 67.59 1.63 36.32 35.68
35.12 37.53 0.82 6.56 2.01
1.88 57.85 18.27 3.23 3.28
9.85 67.62 14.35 32.14 0.35
8.01 8.22 68.78 5.07 153.75
8.53 90.1 9.39 0.64 33.8
104.21 21.36 25.76 11.45 2.12
13.36 28.36 18.72 59.02 14.93
25.42 90.75 1.75 85.3 125.5
17.7 24.05 107.99 2.31 15.57
47.48 18.54 96.8 37.34 37.13
10.86 28.1 29.65 27.39 18.96
14.51 50.15 1.38 5.81 16.87
56.55 6.34 0.55 11.29 25.13
1.35 57.25 0 48.95 27.42
37.9 10.62 28.76 2.37 8.79
51.8 25.69 16.15 0.75 123.75
35.11 51.1 64.7 12.94 21.25
95.66 18.86 45.91 11.04 3.31
37.14 14.19 43.47 30.96 59.84
5.96 3.17 48.67 22.74 0.86
130.8 47.95 10.28 20.1 41.05
12.83 17.05 86.09 1.71 0.88
37.05 82.25 19.26 36.68 36.28
48.55 56.08 23.84 55.22 29.4
2.48 114.65 5.86 6.44 17.8
19.12 1.6 28.19 82.31 44.44
23.15 53.26 5.44 5.77 18.4
1.21 138.15 49.88 14.41 93.65
28.24 3.04 28.12 114.19 82.21
38.44 6 22.13 3.09 161.11
55.64 8.51 9.7 11.16 71.27
34.96 44.28 50.26 26.35 22.69
79.91 27.21 32.87 42.82 44.74
15.7 49.84 75.96 3.9 82.87
29.03 56.16 3.7 35.12 15.67
6.87 14.16 53.81 52.42 57.61
