40 39 38 46 42
41 46 44 39 45
41 34 42 47 48
44 42 35 50 41
40 31 50 40 41
34 43 42 47 36
50 38 40 34 40
49 62 44 45 32
45 47 46 35 34
50 51 45 42 42
44 45 42 41 37
37 38 48 37 38
40 35 34 45 40
45 34 45 43 47
33 38 40 34 46
36 49 41 46 35
38 41 44 40 38
47 44 41 47 48
31 39 32 46 42
32 46 45 47 38
44 44 42 32 34
42 43 48 42 44
47 47 48 50 48
47 26 41 49 47
43 37 45 37 42
43 37 33 47 34
39 41 37 41 41
36 44 41 43 43
48 26 54 37 46
41 40 39 45 36
44 33 41 55 32
38 40 42 57 41
40 42 45 47 50
43 41 39 44 34
41 46 51 39 37
41 39 44 29 36
48 45 43 45 43
43 37 51 40 46
50 42 33 46 60
45 43 33 36 43
