15
15
15
15
15
15
44.92196
15
304.9167
15
15
139.975
615.3796
199.3059
107.1309
15
102.5836
30.08236
15
21.58525
68.95221
138.8621
162.0559
23.87461
16.26772
273.8728
366.8873
15
20.28771
15
130.468
15
15
15
15
624.7753
15
15
239.5667
18.47493
15
389.1404
329.2776
45.57875
98.76508
44.4867
102.3333
63.60491
157.2802
15
15
15
52.31795
15
367.0589
17.44514
15
15
230.4065
15
226.2537
15.95859
33.0036
208.4714
126.8033
15
36.66619
276.793
15
37.02735
15
218.6903
17.86574
53.37086
350.0975
15
144.8625
43.82553
20.35217
15
15
72.10351
522.9469
79.08693
1431.119
15
274.2239
24.63715
358.8067
15
74.42477
15
15
57.70809
86.32144
15
27.52282
97.64174
15
15
15
15
137.7226
73.33278
15
15
15
49.74365
26.72947
15
15
47.38762
35.67413
59.00615
153.5902
32.79697
15
15
32.75703
52.75355
34.0569
15
427.7979
55.55606
101.7963
36.4586
58.4995
27.72426
15
15
25.00525
191.8851
15
15
22.29903
15
15
56.51845
15
210.1967
30.72072
370.6878
15
426.5522
28.9911
43.37348
15
15
39.52866
17.25739
15
15
15
53.70252
125.3973
15
15
15
15
15
45.55481
70.40586
15
15
27.95843
103.8646
15
15
94.1511
534.2453
82.55808
15
36.56847
15
15
243.9647
79.6934
76.05566
15
15
15
421.0802
196.7146
15
15
15
15
15
71.86221
15
522.8349
307.229
85.20066
15
114.2544
15
47.16975
15
32.05967
731.4021
15
15
186.3195
15
31.33782
25.05005
15
97.15027
15
72.71526
15
37.15021
28.69421
15
15
192.4866
46.38118
83.66319
15
15
15
15
15
53.57944
15
354.5893
118.7754
15
15
497.5372
15
186.6808
109.5155
23.03883
132.3298
15
15
15
17.6247
15
255.0051
15
15
26.16491
83.50439
407.6629
15
15
31.68605
15
64.3914
15
139.4923
43.55983
169.5539
320.9278
717.8546
56.88899
15
98.16273
19.52875
49.76009
15
15
15
15
32.61727
156.0522
15
177.1541
21.04601
15
15
75.47067
15
25.05337
15
15
15
15
90.74512
22.48243
284.084
367.0105
925.2176
15
15
15
141.5522
306.0195
125.6662
455.6892
572.709
15
15
181.7249
15.7233
15
20.67576
24.16439
15
16.71896
124.1241
15
15
15
15
15
15
79.26903
216.4317
15
146.1813
15
15
15
45.68425
206.4327
289.9703
15
15
209.4928
15
121.3558
15
78.07758
15
15
15
44.11673
42.24794
262.1589
15
15
154.3765
154.6666
69.12487
15
558.0517
15
15
363.2263
15
55.49253
19.32825
15
15
48.49042
15
15
21.46544
15
248.7656
15
117.8237
29.56161
40.4951
15
15
15
15
91.11342
302.5567
15
15
37.16736
141.2348
15
18.24536
114.2826
15
15
131.6343
18.02104
15
15
15
338.5455
15
74.60453
15
15
533.9946
195.2385
18.78543
270.2243
15
919.2286
202.5192
15
15
310.1746
17.25707
332.3545
15
481.8354
70.13605
15
119.5721
43.81698
15
18.4725
15
309.4387
212.0291
15
15.31775
29.68721
15
15
60.25877
30.15876
15
240.1604
16.18482
125.1806
156.6748
15
49.8913
16.16055
118.1941
15
71.93769
15
123.6793
90.23038
594.816
15
15
34.20466
208.1758
15
29.49571
135.8765
210.2775
161.7653
15
56.61493
15
179.7638
15
78.55747
15
15
433.9923
15
15
738.1777
257.0395
15
15
127.7037
207.2051
15
26.23142
15
122.1589
15
53.91902
96.36509
192.9411
15
15
15
36.50717
78.73815
15
15
15
194.6146
32.23272
48.94416
122.086
24.00535
363.8734
15
131.9683
167.1832
15
15
15
17.19402
57.16706
15
197.3222
15
64.20884
15
15
95.51345
652.7015
15
15
78.89975
15
15
15
17.68538
15
213.2259
15
15
18.58662
23.33795
48.07404
15
89.25443
116.764
107.6357
60.99601
348.4187
155.0893
15
15
15
15
49.85414
65.63889
58.20354
74.66295
15
20.27929
15
15
15
1338.147
23.6978
1325.597
15
66.58517
15
15
15
15
15
20.99241
15
15
15
31.96738
135.0434
26.9652
377.0563
165.2112
348.8164
212.3758
211.9656
15
17.83761
38.13751
15
15
15
29.19594
102.55
15
130.6528
202.8888
15
18.55428
15
34.08694
15
27.51096
16.72796
17.9896
99.61855
60.3912
18.95052
15
98.25748
37.04577
15
15
15
97.42473
15
15
15
15
86.24135
16.57746
15
31.85452
15
15
185.2989
15
112.4178
15
15
15
15
33.02639
15
15
88.25461
32.3258
15
141.7073
15
15
15
474.9725
15
93.6963
15
458.2666
15
15
75.52644
70.07051
15
84.64179
49.91648
15
135.5776
15
15
211.1961
15
15
601.3103
15
368.289
23.34063
15
15
15
52.78935
818.2908
182.8629
15
15
541.4678
146.8579
686.5081
43.26327
15.79557
215.8468
56.62664
15
232.4706
339.6364
15
17.26614
96.49538
15
83.61686
64.72531
317.5408
15
15
94.56497
15
112.2136
15
377.1544
140.3216
15
15
308.8198
15
15
15
15
61.20441
1024.999
187.7362
107.1471
15
15
118.3492
15
255.8945
30.23865
423.1277
315.3093
31.50481
196.9995
63.22405
24.65345
20.93229
46.481
15
15
60.72835
15
70.98386
144.2161
15
15
18.92407
39.28369
15
65.03388
37.37836
18.15489
15
21.82964
15
15
38.68809
15
15
15
15
64.89449
15
15
20.66621
15
617.1703
15
91.12593
15
16.955
193.3681
15
118.4209
15
76.67746
259.621
15
466.5698
165.4702
15
15
15
104.5066
249.2006
15
311.7619
15
19.85096
15
80.64252
15
15
15
15
54.6299
16.59798
188.3925
15
27.88895
108.7993
127.0582
57.85205
15
28.49287
49.40844
15
465.9232
15
15
15
15
220.7423
17.00001
15
267.2487
86.21028
15
15
21.52326
15
15
15
59.0116
15
15.3141
15
17.16961
15.94227
15
15
15
15
129.5035
25.13815
15
15.37603
15
32.54054
88.13633
15
122.9086
15
15
46.74061
15
15
350.5546
15
15
15
15
15
24.64828
23.74796
590.2533
374.2051
32.8953
431.2664
15
95.22548
15
15
133.2521
15
71.24966
15
15
53.31964
15
45.25257
15
25.60165
15
132.0327
15
396.3684
25.74395
35.26238
86.91402
185.07
15
15
15
15
137.1777
15
15
24.86956
121.7065
325.4798
15
15
17.75767
292.7647
89.21998
15
28.35191
15
15
39.2799
15
152.6257
219.531
15
15
15
15
160.3668
92.7264
15.91535
26.86514
257.2033
35.71076
49.49462
15
87.40321
15
15
269.0871
43.32164
133.9126
15
30.73805
15
15
94.3686
15
15
15
15
34.57031
15
15
15.18336
59.09701
57.67107
15
24.871
15
17.28591
15
15
31.39679
20.34043
15
35.25752
67.05314
15
15
224.0864
15
50.48566
64.67457
52.39536
15
26.47573
21.12734
15
15
17.24682
147.698
26.84423
15
27.55489
15
135.9811
343.4635
15
15
15
15
43.84611
353.5312
33.30224
154.4882
41.54763
139.1611
29.91411
672.6012
15.00259
15
15
15
66.71215
16.83516
30.07211
15
318.9666
15
42.32068
15
75.42975
15
15
55.97621
15
24.31957
15
15
58.6786
15
143.7332
127.1585
15
15
15
15
15
15
263.1715
869.0719
363.5207
18.49952
766.1489
15
24.53632
52.56316
48.60907
88.8884
25.40795
15
40.93884
310.4864
15
15
15
15
15.7425
15
15
15
81.73468
89.88761
15
31.39539
65.62521
15
15
15
146.0903
26.41686
39.94757
15
15
104.897
15
92.05759
204.1947
26.89718
75.85065
15
24.454
44.05622
